1, 0.1, 0.1, 0.1, 0.7985688184331262, 14.388282775878906
2, 0.1, 0.1, 0.2, 0.7881712737442457, 14.411251068115234
3, 0.1, 0.1, 0.3, 0.779676292529234, 14.542285919189453
4, 0.1, 0.1, 0.4, 0.7721168905163, 14.555738925933838
5, 0.1, 0.1, 0.5, 0.7645387205095852, 14.35404896736145
6, 0.1, 0.1, 0.6, 0.7586246702647139, 14.375118017196655
7, 0.1, 0.1, 0.7, 0.7515081901909586, 14.503866910934448
8, 0.1, 0.1, 0.8, 0.745834693075878, 14.304820775985718
9, 0.1, 0.1, 0.9, 0.7432855961291168, 14.374989986419678
10, 0.1, 0.1, 1.0, 1.1628480674225987, 14.330536842346191
11, 0.1, 0.2, 0.1, 0.8067399118254156, 14.303312063217163
12, 0.1, 0.2, 0.2, 0.7964574941712724, 14.357717037200928
13, 0.1, 0.2, 0.3, 0.7884439264725114, 14.329009056091309
14, 0.1, 0.2, 0.4, 0.7815278474367405, 14.332443952560425
15, 0.1, 0.2, 0.5, 0.7741654854422114, 14.303722143173218
16, 0.1, 0.2, 0.6, 0.7665311290241871, 14.294019937515259
17, 0.1, 0.2, 0.7, 0.7587576668715377, 14.372795104980469
18, 0.1, 0.2, 0.8, 0.7523588264361339, 14.309931993484497
19, 0.1, 0.2, 0.9, 0.7480885337690598, 14.239435911178589
20, 0.1, 0.2, 1.0, 1.1395668714884344, 14.295410871505737
21, 0.1, 0.3, 0.1, 0.8198779538503838, 14.322282075881958
22, 0.1, 0.3, 0.2, 0.8086864350859335, 14.345355033874512
23, 0.1, 0.3, 0.3, 0.7990500109628127, 14.062947988510132
24, 0.1, 0.3, 0.4, 0.7925276503036878, 14.326691150665283
25, 0.1, 0.3, 0.5, 0.7856828036364849, 14.345286846160889
26, 0.1, 0.3, 0.6, 0.7778413643582021, 14.335340976715088
27, 0.1, 0.3, 0.7, 0.7693285005343546, 14.344538927078247
28, 0.1, 0.3, 0.8, 0.7617253446986004, 14.286794185638428
29, 0.1, 0.3, 0.9, 0.7565430935704557, 14.312350988388062
30, 0.1, 0.3, 1.0, 1.1425858979920498, 14.341359853744507
31, 0.1, 0.4, 0.1, 0.8350377998257079, 14.292463064193726
32, 0.1, 0.4, 0.2, 0.8246899502453973, 14.317991971969604
33, 0.1, 0.4, 0.3, 0.8150091229740156, 14.28928017616272
34, 0.1, 0.4, 0.4, 0.8061332365571735, 14.308719873428345
35, 0.1, 0.4, 0.5, 0.7988012816685475, 14.313648223876953
36, 0.1, 0.4, 0.6, 0.7913641076441938, 14.305866003036499
37, 0.1, 0.4, 0.7, 0.782407194614853, 14.375781059265137
38, 0.1, 0.4, 0.8, 0.7736789282653269, 14.34962797164917
39, 0.1, 0.4, 0.9, 0.7669110083296061, 14.315691947937012
40, 0.1, 0.4, 1.0, 1.1589029046316948, 14.326949119567871
41, 0.1, 0.5, 0.1, 0.8501976458010323, 14.31491994857788
42, 0.1, 0.5, 0.2, 0.8412729341162358, 14.32918095588684
43, 0.1, 0.5, 0.3, 0.8328388290316125, 14.31800889968872
44, 0.1, 0.5, 0.4, 0.8243735776495258, 14.303536891937256
45, 0.1, 0.5, 0.5, 0.8165686497885957, 14.35055685043335
46, 0.1, 0.5, 0.6, 0.8082008648415192, 14.3155038356781
47, 0.1, 0.5, 0.7, 0.7996317527530009, 14.328332901000977
48, 0.1, 0.5, 0.8, 0.7899211364824769, 14.343605995178223
49, 0.1, 0.5, 0.9, 0.7827414046188718, 14.31462812423706
50, 0.1, 0.5, 1.0, 1.1797148009404284, 14.338674068450928
51, 0.1, 0.6, 0.1, 0.8653574917763559, 14.32721996307373
52, 0.1, 0.6, 0.2, 0.8578559179870736, 14.331167936325073
53, 0.1, 0.6, 0.3, 0.8506685350892107, 14.360517978668213
54, 0.1, 0.6, 0.4, 0.84334802645881, 14.314265012741089
55, 0.1, 0.6, 0.5, 0.8356248284600097, 14.364506006240845
56, 0.1, 0.6, 0.6, 0.8277920879326316, 14.346362829208374
57, 0.1, 0.6, 0.7, 0.8184576956151087, 14.275409936904907
58, 0.1, 0.6, 0.8, 0.8084315283028465, 14.35689115524292
59, 0.1, 0.6, 0.9, 0.7998977527570265, 14.296627044677734
60, 0.1, 0.6, 1.0, 1.2063069621590068, 14.339838981628418
61, 0.1, 0.7, 0.1, 0.8805173377516804, 14.35742998123169
62, 0.1, 0.7, 0.2, 0.8744389018579125, 14.278768062591553
63, 0.1, 0.7, 0.3, 0.8684982411468077, 14.338886022567749
64, 0.1, 0.7, 0.4, 0.8623224752680931, 14.328732967376709
65, 0.1, 0.7, 0.5, 0.8555468387955507, 14.347623109817505
66, 0.1, 0.7, 0.6, 0.8477166430743888, 14.347732067108154
67, 0.1, 0.7, 0.7, 0.8392927857861944, 14.316311836242676
68, 0.1, 0.7, 0.8, 0.8289066722424173, 14.346790075302124
69, 0.1, 0.7, 0.9, 0.8174326160962158, 14.339026927947998
70, 0.1, 0.7, 1.0, 1.2362644681565897, 14.317329168319702
71, 0.1, 0.8, 0.1, 0.8956771837270043, 14.333309173583984
72, 0.1, 0.8, 0.2, 0.8910218857287509, 14.30691409111023
73, 0.1, 0.8, 0.3, 0.8863279472044056, 14.381930112838745
74, 0.1, 0.8, 0.4, 0.881296924077377, 14.311763048171997
75, 0.1, 0.8, 0.5, 0.8756053406671132, 14.292922973632812
76, 0.1, 0.8, 0.6, 0.868781291145867, 14.363234043121338
77, 0.1, 0.8, 0.7, 0.8603988978756811, 14.343714952468872
78, 0.1, 0.8, 0.8, 0.850635637574969, 14.348257064819336
79, 0.1, 0.8, 0.9, 0.8375537477454603, 14.329862117767334
80, 0.1, 0.8, 1.0, 1.268026567461712, 14.348369836807251
81, 0.1, 0.9, 0.1, 0.9108370297023282, 14.32910680770874
82, 0.1, 0.9, 0.2, 0.9076048695995887, 14.291831016540527
83, 0.1, 0.9, 0.3, 0.9041576532620035, 14.30286693572998
84, 0.1, 0.9, 0.4, 0.9002713728866608, 14.29635214805603
85, 0.1, 0.9, 0.5, 0.8956638425386761, 14.340657949447632
86, 0.1, 0.9, 0.6, 0.8898901982409669, 14.33595895767212
87, 0.1, 0.9, 0.7, 0.8825855052080943, 14.285507917404175
88, 0.1, 0.9, 0.8, 0.8729864854066886, 14.320137023925781
89, 0.1, 0.9, 0.9, 0.858772091883689, 14.323577880859375
90, 0.1, 0.9, 1.0, 1.299788666766835, 14.327431917190552
91, 0.1, 1.0, 0.1, 0.9259968756776522, 14.35706901550293
92, 0.1, 1.0, 0.2, 0.9241878534704273, 14.298222064971924
93, 0.1, 1.0, 0.3, 0.9219873593196009, 14.297127962112427
94, 0.1, 1.0, 0.4, 0.9192458216959444, 14.318955898284912
95, 0.1, 1.0, 0.5, 0.9157223444102387, 14.297945022583008
96, 0.1, 1.0, 0.6, 0.9109991053360675, 14.358135223388672
97, 0.1, 1.0, 0.7, 0.9047721125405068, 14.30493688583374
98, 0.1, 1.0, 0.8, 0.8962052182331524, 14.305765151977539
99, 0.1, 1.0, 0.9, 0.88123081921452, 14.288347005844116
100, 0.1, 1.0, 1.0, 1.3442833966915522, 14.273483037948608
101, 0.2, 0.1, 0.1, 0.7990478705166446, 14.305130958557129
102, 0.2, 0.1, 0.2, 0.7894132148512416, 14.28486704826355
103, 0.2, 0.1, 0.3, 0.7808431333317902, 14.309741020202637
104, 0.2, 0.1, 0.4, 0.7739459869280673, 14.308972120285034
105, 0.2, 0.1, 0.5, 0.766615664978286, 14.29460597038269
106, 0.2, 0.1, 0.6, 0.7590903441402228, 14.342625141143799
107, 0.2, 0.1, 0.7, 0.7519808982975054, 14.291172981262207
108, 0.2, 0.1, 0.8, 0.74715824622788, 14.32518196105957
109, 0.2, 0.1, 0.9, 0.7451545044475494, 14.328217029571533
110, 0.2, 0.1, 1.0, 1.1135486094335145, 14.338587045669556
111, 0.2, 0.2, 0.1, 0.8076324157540762, 14.306800127029419
112, 0.2, 0.2, 0.2, 0.7980108339935231, 14.315458059310913
113, 0.2, 0.2, 0.3, 0.7898002001882544, 14.321610927581787
114, 0.2, 0.2, 0.4, 0.7831097890816249, 14.319252014160156
115, 0.2, 0.2, 0.5, 0.7763373996304878, 14.305854797363281
116, 0.2, 0.2, 0.6, 0.7686362845061822, 14.297961950302124
117, 0.2, 0.2, 0.7, 0.7603978693620813, 14.304090023040771
118, 0.2, 0.2, 0.8, 0.7549048434183478, 14.286279916763306
119, 0.2, 0.2, 0.9, 0.7512869795935498, 14.356927156448364
120, 0.2, 0.2, 1.0, 1.1020925624404787, 14.296077966690063
121, 0.2, 0.3, 0.1, 0.8209790414269589, 14.327148914337158
122, 0.2, 0.3, 0.2, 0.8104832701255674, 14.334365844726562
123, 0.2, 0.3, 0.3, 0.8014404460254095, 14.312530040740967
124, 0.2, 0.3, 0.4, 0.7939721827879723, 14.330651998519897
125, 0.2, 0.3, 0.5, 0.7877244104363436, 14.280937910079956
126, 0.2, 0.3, 0.6, 0.7805297376771083, 14.206441164016724
127, 0.2, 0.3, 0.7, 0.7718006162044735, 14.073649883270264
128, 0.2, 0.3, 0.8, 0.7647999575788325, 14.310134172439575
129, 0.2, 0.3, 0.9, 0.7601039419531876, 14.324758052825928
130, 0.2, 0.3, 1.0, 1.1125881017321715, 14.324012994766235
131, 0.2, 0.4, 0.1, 0.8359815891770581, 14.31127405166626
132, 0.2, 0.4, 0.2, 0.8266815753107533, 14.338263034820557
133, 0.2, 0.4, 0.3, 0.8179454855215661, 14.302268028259277
134, 0.2, 0.4, 0.4, 0.8092336450048578, 14.32430100440979
135, 0.2, 0.4, 0.5, 0.8022596182293839, 14.322747945785522
136, 0.2, 0.4, 0.6, 0.7950279477387744, 14.333180904388428
137, 0.2, 0.4, 0.7, 0.7864913813205744, 14.346878051757812
138, 0.2, 0.4, 0.8, 0.7782463785998932, 14.345905065536499
139, 0.2, 0.4, 0.9, 0.7730027530480937, 14.326971054077148
140, 0.2, 0.4, 1.0, 1.1337776477570773, 14.330565929412842
141, 0.2, 0.5, 0.1, 0.850984136927157, 14.312288045883179
142, 0.2, 0.5, 0.2, 0.8429326216706994, 14.348320960998535
143, 0.2, 0.5, 0.3, 0.8352857978212384, 14.297595977783203
144, 0.2, 0.5, 0.4, 0.8275690077867052, 14.29819107055664
145, 0.2, 0.5, 0.5, 0.8196920764119952, 14.189328908920288
146, 0.2, 0.5, 0.6, 0.8117175586127383, 14.301726818084717
147, 0.2, 0.5, 0.7, 0.8038117397290017, 14.367121934890747
148, 0.2, 0.5, 0.8, 0.794768945724054, 14.102703094482422
149, 0.2, 0.5, 0.9, 0.7889228184250198, 14.322665929794312
150, 0.2, 0.5, 1.0, 1.1612358136823238, 14.31802487373352
151, 0.2, 0.6, 0.1, 0.8659866846772557, 14.327340126037598
152, 0.2, 0.6, 0.2, 0.8591836680306448, 14.328646898269653
153, 0.2, 0.6, 0.3, 0.8526261101209109, 14.298377990722656
154, 0.2, 0.6, 0.4, 0.8459043705685534, 14.347686052322388
155, 0.2, 0.6, 0.5, 0.8386388682233352, 14.340208053588867
156, 0.2, 0.6, 0.6, 0.8308252948569944, 14.316076040267944
157, 0.2, 0.6, 0.7, 0.8220473261255148, 14.318721055984497
158, 0.2, 0.6, 0.8, 0.8125974899962746, 14.322281837463379
159, 0.2, 0.6, 0.9, 0.8048428838019449, 14.302499055862427
160, 0.2, 0.6, 1.0, 1.192457381166848, 14.35536789894104
161, 0.2, 0.7, 0.1, 0.8809892324273552, 14.300542116165161
162, 0.2, 0.7, 0.2, 0.8754347143905904, 14.311360836029053
163, 0.2, 0.7, 0.3, 0.8699664224205833, 14.310297966003418
164, 0.2, 0.7, 0.4, 0.8642397333504009, 14.338452100753784
165, 0.2, 0.7, 0.5, 0.8579097372700616, 14.323385953903198
166, 0.2, 0.7, 0.6, 0.8504982251031689, 14.279780864715576
167, 0.2, 0.7, 0.7, 0.8419850086689984, 14.301557064056396
168, 0.2, 0.7, 0.8, 0.8322164167339222, 14.352774143218994
169, 0.2, 0.7, 0.9, 0.8214051373392054, 14.327684879302979
170, 0.2, 0.7, 1.0, 1.226149461687822, 14.336087942123413
171, 0.2, 0.8, 0.1, 0.8959917801774544, 14.338501930236816
172, 0.2, 0.8, 0.2, 0.8916857607505361, 14.315976858139038
173, 0.2, 0.8, 0.3, 0.8873067347202555, 14.352929830551147
174, 0.2, 0.8, 0.4, 0.882575096132249, 14.30978798866272
175, 0.2, 0.8, 0.5, 0.8771806063167872, 14.358959913253784
176, 0.2, 0.8, 0.6, 0.8706651851808022, 14.318248987197876
177, 0.2, 0.8, 0.7, 0.8625992882427799, 14.32414698600769
178, 0.2, 0.8, 0.8, 0.8528421339026391, 14.316877126693726
179, 0.2, 0.8, 0.9, 0.8403013109134475, 14.292541027069092
180, 0.2, 0.8, 1.0, 1.2612832298158672, 14.324666976928711
181, 0.2, 0.9, 0.1, 0.9109943279275534, 14.312337160110474
182, 0.2, 0.9, 0.2, 0.9079368071104816, 14.330225944519043
183, 0.2, 0.9, 0.3, 0.9046470470199284, 14.336676120758057
184, 0.2, 0.9, 0.4, 0.9009104589140968, 14.322834968566895
185, 0.2, 0.9, 0.5, 0.8964514753635131, 14.297444820404053
186, 0.2, 0.9, 0.6, 0.8908321452584351, 14.320898056030273
187, 0.2, 0.9, 0.7, 0.8836857003916437, 14.31556510925293
188, 0.2, 0.9, 0.8, 0.8743084689522627, 14.294127941131592
189, 0.2, 0.9, 0.9, 0.8602586593325234, 14.320410013198853
190, 0.2, 0.9, 1.0, 1.2964731282059914, 14.333709955215454
191, 0.2, 1.0, 0.1, 0.9259968756776522, 14.331362962722778
192, 0.2, 1.0, 0.2, 0.9241878534704273, 14.302618980407715
193, 0.2, 1.0, 0.3, 0.9219873593196009, 14.361204862594604
194, 0.2, 1.0, 0.4, 0.9192458216959444, 14.309499979019165
195, 0.2, 1.0, 0.5, 0.9157223444102387, 14.30616807937622
196, 0.2, 1.0, 0.6, 0.9109991053360675, 14.348698139190674
197, 0.2, 1.0, 0.7, 0.9047721125405068, 14.305561065673828
198, 0.2, 1.0, 0.8, 0.8962052182331524, 14.33397912979126
199, 0.2, 1.0, 0.9, 0.88123081921452, 14.300096988677979
200, 0.2, 1.0, 1.0, 1.3442833966915522, 14.31958293914795
201, 0.3, 0.1, 0.1, 0.7995816398345682, 14.323988199234009
202, 0.3, 0.1, 0.2, 0.7906551559582375, 14.304399013519287
203, 0.3, 0.1, 0.3, 0.7829502210650517, 14.303202867507935
204, 0.3, 0.1, 0.4, 0.775775083339834, 14.370948076248169
205, 0.3, 0.1, 0.5, 0.7691084805013706, 14.317662000656128
206, 0.3, 0.1, 0.6, 0.7615489709790385, 14.300179958343506
207, 0.3, 0.1, 0.7, 0.7537780050435146, 14.334569931030273
208, 0.3, 0.1, 0.8, 0.7499904577632722, 14.357662916183472
209, 0.3, 0.1, 0.9, 0.7479000066404216, 14.346896886825562
210, 0.3, 0.1, 1.0, 1.0726784131623743, 14.327087879180908
211, 0.3, 0.2, 0.1, 0.8086096563998876, 14.324367046356201
212, 0.3, 0.2, 0.2, 0.7996405837332826, 14.343903064727783
213, 0.3, 0.2, 0.3, 0.7918010321086201, 14.303321123123169
214, 0.3, 0.2, 0.4, 0.7846917307265091, 14.333323001861572
215, 0.3, 0.2, 0.5, 0.7785093138187654, 14.295062065124512
216, 0.3, 0.2, 0.6, 0.7714382010219136, 14.315736055374146
217, 0.3, 0.2, 0.7, 0.7628533079728506, 14.28289008140564
218, 0.3, 0.2, 0.8, 0.7577029187471515, 14.301453113555908
219, 0.3, 0.2, 0.9, 0.7553720154081697, 14.34450912475586
220, 0.3, 0.2, 1.0, 1.0693629510890026, 14.319546937942505
221, 0.3, 0.3, 0.1, 0.8221397665614298, 14.331070899963379
222, 0.3, 0.3, 0.2, 0.8127540915270568, 14.329777002334595
223, 0.3, 0.3, 0.3, 0.8043416223002033, 14.29603910446167
224, 0.3, 0.3, 0.4, 0.7969608237566848, 14.36827301979065
225, 0.3, 0.3, 0.5, 0.7902806005564357, 14.35046100616455
226, 0.3, 0.3, 0.6, 0.783472929955948, 14.33016300201416
227, 0.3, 0.3, 0.7, 0.7752977193335735, 14.325639009475708
228, 0.3, 0.3, 0.8, 0.7689422411045053, 14.31973910331726
229, 0.3, 0.3, 0.9, 0.7657477920399601, 14.33265495300293
230, 0.3, 0.3, 1.0, 1.0848432323898902, 14.276787996292114
231, 0.3, 0.4, 0.1, 0.8369253785284076, 14.32417917251587
232, 0.3, 0.4, 0.2, 0.8286732003761095, 14.345169067382812
233, 0.3, 0.4, 0.3, 0.8208818480691168, 14.310989141464233
234, 0.3, 0.4, 0.4, 0.8130681611694734, 14.327238082885742
235, 0.3, 0.4, 0.5, 0.8057355402267629, 14.272112131118774
236, 0.3, 0.4, 0.6, 0.7992479802642369, 14.306509971618652
237, 0.3, 0.4, 0.7, 0.7915073656917748, 14.363552808761597
238, 0.3, 0.4, 0.8, 0.7840283461203473, 14.313973903656006
239, 0.3, 0.4, 0.9, 0.7804272048900588, 14.306933164596558
240, 0.3, 0.4, 1.0, 1.11035018533944, 14.285760164260864
241, 0.3, 0.5, 0.1, 0.8517706280532817, 14.31497597694397
242, 0.3, 0.5, 0.2, 0.8445923092251623, 14.350313901901245
243, 0.3, 0.5, 0.3, 0.8377327666108646, 14.297386884689331
244, 0.3, 0.5, 0.4, 0.8307644379238852, 14.30173397064209
245, 0.3, 0.5, 0.5, 0.8233061633007945, 14.343192100524902
246, 0.3, 0.5, 0.6, 0.8154505501017818, 14.31286096572876
247, 0.3, 0.5, 0.7, 0.8079917267050012, 14.373442888259888
248, 0.3, 0.5, 0.8, 0.80024145289938, 14.338489055633545
249, 0.3, 0.5, 0.9, 0.7951066177401568, 14.308309078216553
250, 0.3, 0.5, 1.0, 1.1438793097666815, 14.331943988800049
251, 0.3, 0.6, 0.1, 0.866615877578156, 14.280894994735718
252, 0.3, 0.6, 0.2, 0.8605114180742149, 14.312077045440674
253, 0.3, 0.6, 0.3, 0.8545836851526122, 14.048192024230957
254, 0.3, 0.6, 0.4, 0.8484607146782969, 14.305463075637817
255, 0.3, 0.6, 0.5, 0.8417893995226834, 14.314736127853394
256, 0.3, 0.6, 0.6, 0.8340990530954053, 14.298740148544312
257, 0.3, 0.6, 0.7, 0.8256369566359203, 14.350261926651001
258, 0.3, 0.6, 0.8, 0.8167634516897037, 14.262488842010498
259, 0.3, 0.6, 0.9, 0.8097880148468638, 14.288027048110962
260, 0.3, 0.6, 1.0, 1.1786078001746896, 14.318741083145142
261, 0.3, 0.7, 0.1, 0.8814611271030303, 14.269208192825317
262, 0.3, 0.7, 0.2, 0.8764305269232686, 14.292881965637207
263, 0.3, 0.7, 0.3, 0.8714346036943592, 14.27743411064148
264, 0.3, 0.7, 0.4, 0.8661569914327092, 14.306395053863525
265, 0.3, 0.7, 0.5, 0.8602726357445717, 14.34086799621582
266, 0.3, 0.7, 0.6, 0.8533240661555703, 14.304054021835327
267, 0.3, 0.7, 0.7, 0.844813461644565, 14.326544046401978
268, 0.3, 0.7, 0.8, 0.8355261612254272, 14.29519510269165
269, 0.3, 0.7, 0.9, 0.8253776585821957, 14.289245128631592
270, 0.3, 0.7, 1.0, 1.2160344552190545, 14.358328104019165
271, 0.3, 0.8, 0.1, 0.896306376627904, 14.199672937393188
272, 0.3, 0.8, 0.2, 0.8923496357723215, 14.295671939849854
273, 0.3, 0.8, 0.3, 0.8882855222361062, 14.084067106246948
274, 0.3, 0.8, 0.4, 0.8838532681871207, 14.28090214729309
275, 0.3, 0.8, 0.5, 0.8787558719664608, 14.34555196762085
276, 0.3, 0.8, 0.6, 0.8725490792157365, 14.275634050369263
277, 0.3, 0.8, 0.7, 0.8647996786098792, 14.315582036972046
278, 0.3, 0.8, 0.8, 0.855055686762522, 14.349018096923828
279, 0.3, 0.8, 0.9, 0.8430488740814353, 14.277491092681885
280, 0.3, 0.8, 1.0, 1.254539892170022, 14.314825057983398
281, 0.3, 0.9, 0.1, 0.9111516261527784, 14.278032064437866
282, 0.3, 0.9, 0.2, 0.9082687446213739, 14.285717010498047
283, 0.3, 0.9, 0.3, 0.9051364407778537, 14.330049991607666
284, 0.3, 0.9, 0.4, 0.9015495449415324, 14.285353899002075
285, 0.3, 0.9, 0.5, 0.8972391081883501, 14.2638258934021
286, 0.3, 0.9, 0.6, 0.891774092275902, 14.328441143035889
287, 0.3, 0.9, 0.7, 0.8847858955751934, 14.282626152038574
288, 0.3, 0.9, 0.8, 0.8756304524978371, 14.334596157073975
289, 0.3, 0.9, 0.9, 0.8617452267813567, 14.297061920166016
290, 0.3, 0.9, 1.0, 1.2937338301511165, 14.282079935073853
291, 0.3, 1.0, 0.1, 0.9259968756776522, 14.30506706237793
292, 0.3, 1.0, 0.2, 0.9241878534704273, 14.287072896957397
293, 0.3, 1.0, 0.3, 0.9219873593196009, 14.336730003356934
294, 0.3, 1.0, 0.4, 0.9192458216959444, 14.303969144821167
295, 0.3, 1.0, 0.5, 0.9157223444102387, 14.302081108093262
296, 0.3, 1.0, 0.6, 0.9109991053360675, 14.30660891532898
297, 0.3, 1.0, 0.7, 0.9047721125405068, 14.306886911392212
298, 0.3, 1.0, 0.8, 0.8962052182331524, 14.32358193397522
299, 0.3, 1.0, 0.9, 0.88123081921452, 14.281913042068481
300, 0.3, 1.0, 1.0, 1.3442833966915522, 14.363399982452393
301, 0.4, 0.1, 0.1, 0.800491873935735, 14.318265199661255
302, 0.4, 0.1, 0.2, 0.7922459225954843, 14.281639814376831
303, 0.4, 0.1, 0.3, 0.7851909953847752, 14.313528060913086
304, 0.4, 0.1, 0.4, 0.7782523093453834, 14.300916910171509
305, 0.4, 0.1, 0.5, 0.7716012960244547, 14.284994125366211
306, 0.4, 0.1, 0.6, 0.7647505391205092, 14.303460836410522
307, 0.4, 0.1, 0.7, 0.756639090630986, 14.271406888961792
308, 0.4, 0.1, 0.8, 0.7529055144070406, 14.279860973358154
309, 0.4, 0.1, 0.9, 0.7534467262389679, 14.324690103530884
310, 0.4, 0.1, 1.0, 1.0377588967131481, 14.267699003219604
311, 0.4, 0.2, 0.1, 0.8100167616197995, 14.30086898803711
312, 0.4, 0.2, 0.2, 0.801781687830501, 14.271555185317993
313, 0.4, 0.2, 0.3, 0.7945422063871318, 14.25154995918274
314, 0.4, 0.2, 0.4, 0.7874801275301484, 14.31017017364502
315, 0.4, 0.2, 0.5, 0.7806812280070421, 14.300327062606812
316, 0.4, 0.2, 0.6, 0.7742401175376458, 14.332807064056396
317, 0.4, 0.2, 0.7, 0.7663739986858109, 14.314182043075562
318, 0.4, 0.2, 0.8, 0.7621394671494818, 14.27864408493042
319, 0.4, 0.2, 0.9, 0.7620870775324392, 14.298074960708618
320, 0.4, 0.2, 1.0, 1.0385320539587894, 14.318625926971436
321, 0.4, 0.3, 0.1, 0.823569267251669, 14.327765226364136
322, 0.4, 0.3, 0.2, 0.8153340064622637, 14.272906064987183
323, 0.4, 0.3, 0.3, 0.8077346390405407, 14.255685091018677
324, 0.4, 0.3, 0.4, 0.8011955001130177, 14.303849935531616
325, 0.4, 0.3, 0.5, 0.7945483279810384, 14.277170181274414
326, 0.4, 0.3, 0.6, 0.7881850794242244, 14.328454971313477
327, 0.4, 0.3, 0.7, 0.7809498116576385, 14.283085823059082
328, 0.4, 0.3, 0.8, 0.7756105213207782, 14.261435985565186
329, 0.4, 0.3, 0.9, 0.7746381370457284, 14.28507399559021
330, 0.4, 0.3, 1.0, 1.059073909207268, 14.285422086715698
331, 0.4, 0.4, 0.1, 0.8378691678797577, 14.270182132720947
332, 0.4, 0.4, 0.2, 0.8306648254414659, 14.328491926193237
333, 0.4, 0.4, 0.3, 0.8238182106166683, 14.261759042739868
334, 0.4, 0.4, 0.4, 0.816902677334089, 14.310978889465332
335, 0.4, 0.4, 0.5, 0.8100033792906486, 14.28102707862854
336, 0.4, 0.4, 0.6, 0.8034680127897013, 14.266148805618286
337, 0.4, 0.4, 0.7, 0.796523350062975, 14.331979036331177
338, 0.4, 0.4, 0.8, 0.7907172819659904, 14.297011852264404
339, 0.4, 0.4, 0.9, 0.7880475006092881, 14.293431043624878
340, 0.4, 0.4, 1.0, 1.090569052145508, 14.281806945800781
341, 0.4, 0.5, 0.1, 0.8525571191794066, 14.291910886764526
342, 0.4, 0.5, 0.2, 0.846251996779626, 14.28438687324524
343, 0.4, 0.5, 0.3, 0.8401797354004905, 14.284141778945923
344, 0.4, 0.5, 0.4, 0.8339598680610643, 14.306735038757324
345, 0.4, 0.5, 0.5, 0.8272443274249786, 14.298089981079102
346, 0.4, 0.5, 0.6, 0.8195837751225759, 14.264716863632202
347, 0.4, 0.5, 0.7, 0.8121717136810008, 14.296587944030762
348, 0.4, 0.5, 0.8, 0.8058240426112031, 14.302670001983643
349, 0.4, 0.5, 0.9, 0.8014568641728484, 14.302931785583496
350, 0.4, 0.5, 1.0, 1.1265731767336447, 14.293020963668823
351, 0.4, 0.6, 0.1, 0.8672450704790556, 14.294203042984009
352, 0.4, 0.6, 0.2, 0.8618391681177862, 14.313096046447754
353, 0.4, 0.6, 0.3, 0.856541260184312, 14.283192873001099
354, 0.4, 0.6, 0.4, 0.8510170587880401, 14.24181604385376
355, 0.4, 0.6, 0.5, 0.8449399308220306, 14.314338207244873
356, 0.4, 0.6, 0.6, 0.8378668411652739, 14.272560119628906
357, 0.4, 0.6, 0.7, 0.829228025413449, 14.329646110534668
358, 0.4, 0.6, 0.8, 0.8209308032564144, 14.30134916305542
359, 0.4, 0.6, 0.9, 0.8151207896728948, 14.283791065216064
360, 0.4, 0.6, 1.0, 1.16475821918253, 14.308523893356323
361, 0.4, 0.7, 0.1, 0.8819330217787049, 14.285693168640137
362, 0.4, 0.7, 0.2, 0.8774263394559464, 14.326637029647827
363, 0.4, 0.7, 0.3, 0.8729027849681344, 14.292346000671387
364, 0.4, 0.7, 0.4, 0.8680742495150164, 14.275470972061157
365, 0.4, 0.7, 0.5, 0.8626355342190828, 14.273757934570312
366, 0.4, 0.7, 0.6, 0.8561499072079723, 14.281513929367065
367, 0.4, 0.7, 0.7, 0.848114047195214, 14.301064014434814
368, 0.4, 0.7, 0.8, 0.8388359057169317, 14.293857097625732
369, 0.4, 0.7, 0.9, 0.829445125378906, 14.281822919845581
370, 0.4, 0.7, 1.0, 1.2059194487502858, 14.303148984909058
371, 0.4, 0.8, 0.1, 0.8966209730783544, 14.283138990402222
372, 0.4, 0.8, 0.2, 0.893013510794107, 14.287220001220703
373, 0.4, 0.8, 0.3, 0.8892643097519568, 14.334800004959106
374, 0.4, 0.8, 0.4, 0.8851314402419925, 14.309897899627686
375, 0.4, 0.8, 0.5, 0.8803311376161351, 14.325486183166504
376, 0.4, 0.8, 0.6, 0.8744329732506706, 14.29258394241333
377, 0.4, 0.8, 0.7, 0.8670000689769782, 14.215157985687256
378, 0.4, 0.8, 0.8, 0.8576996538536718, 14.316158056259155
379, 0.4, 0.8, 0.9, 0.8458532465122363, 14.18018102645874
380, 0.4, 0.8, 1.0, 1.2477965545241767, 14.170284032821655
381, 0.4, 0.9, 0.1, 0.9113089243780031, 14.289774894714355
382, 0.4, 0.9, 0.2, 0.9086006821322669, 14.299124956130981
383, 0.4, 0.9, 0.3, 0.9056258345357786, 14.28662919998169
384, 0.4, 0.9, 0.4, 0.9021886309689684, 14.280773162841797
385, 0.4, 0.9, 0.5, 0.8980267410131864, 14.312575101852417
386, 0.4, 0.9, 0.6, 0.8927160392933685, 14.287446975708008
387, 0.4, 0.9, 0.7, 0.8858860907587428, 14.287017107009888
388, 0.4, 0.9, 0.8, 0.8769524360434121, 14.33690595626831
389, 0.4, 0.9, 0.9, 0.8632504672020971, 14.273056983947754
390, 0.4, 0.9, 1.0, 1.290994532096242, 14.268109798431396
391, 0.4, 1.0, 0.1, 0.9259968756776522, 14.303850889205933
392, 0.4, 1.0, 0.2, 0.9241878534704273, 14.281852006912231
393, 0.4, 1.0, 0.3, 0.9219873593196009, 14.333806991577148
394, 0.4, 1.0, 0.4, 0.9192458216959444, 14.280133962631226
395, 0.4, 1.0, 0.5, 0.9157223444102387, 14.268177032470703
396, 0.4, 1.0, 0.6, 0.9109991053360675, 14.32325291633606
397, 0.4, 1.0, 0.7, 0.9047721125405068, 14.14147400856018
398, 0.4, 1.0, 0.8, 0.8962052182331524, 14.088366985321045
399, 0.4, 1.0, 0.9, 0.88123081921452, 14.313760042190552
400, 0.4, 1.0, 1.0, 1.3442833966915522, 14.286725044250488
401, 0.5, 0.1, 0.1, 0.8017304515685068, 14.333618879318237
402, 0.5, 0.1, 0.2, 0.7942744111396896, 14.266730070114136
403, 0.5, 0.1, 0.3, 0.7876891223809559, 14.304707050323486
404, 0.5, 0.1, 0.4, 0.7813539333782333, 14.260025978088379
405, 0.5, 0.1, 0.5, 0.7748121140164258, 14.280281782150269
406, 0.5, 0.1, 0.6, 0.7679521072619803, 14.347724914550781
407, 0.5, 0.1, 0.7, 0.7614104607899969, 14.280616998672485
408, 0.5, 0.1, 0.8, 0.7583455520834611, 14.323354959487915
409, 0.5, 0.1, 0.9, 0.763224503680184, 14.286325931549072
410, 0.5, 0.1, 1.0, 1.005919327536493, 14.255849123001099
411, 0.5, 0.2, 0.1, 0.8114238668397123, 14.3278169631958
412, 0.5, 0.2, 0.2, 0.8044428908639037, 14.29594087600708
413, 0.5, 0.2, 0.3, 0.7980999518612385, 14.300485134124756
414, 0.5, 0.2, 0.4, 0.7919167700530829, 14.306938886642456
415, 0.5, 0.2, 0.5, 0.7855664985137605, 14.281118869781494
416, 0.5, 0.2, 0.6, 0.7787689881544636, 14.325725078582764
417, 0.5, 0.2, 0.7, 0.7723980915222257, 14.27705693244934
418, 0.5, 0.2, 0.8, 0.7694359042144817, 14.266130924224854
419, 0.5, 0.2, 0.9, 0.7713891677744753, 14.298187971115112
420, 0.5, 0.2, 1.0, 1.0141242852411974, 14.280788898468018
421, 0.5, 0.3, 0.1, 0.8249987679419067, 14.309109926223755
422, 0.5, 0.3, 0.2, 0.8179355165642823, 14.28390097618103
423, 0.5, 0.3, 0.3, 0.8112288741215669, 14.266455173492432
424, 0.5, 0.3, 0.4, 0.8055813975947596, 14.339752912521362
425, 0.5, 0.3, 0.5, 0.7997442028124135, 14.295077800750732
426, 0.5, 0.3, 0.6, 0.79346885188548, 14.313043117523193
427, 0.5, 0.3, 0.7, 0.7868850311414471, 14.273293018341064
428, 0.5, 0.3, 0.8, 0.7834261469173298, 14.255216836929321
429, 0.5, 0.3, 0.9, 0.783528482051497, 14.30271291732788
430, 0.5, 0.3, 1.0, 1.0367662032658835, 14.280689001083374
431, 0.5, 0.4, 0.1, 0.8388129572311082, 14.334872961044312
432, 0.5, 0.4, 0.2, 0.832656450506822, 14.31919002532959
433, 0.5, 0.4, 0.3, 0.8267545731642191, 14.279608011245728
434, 0.5, 0.4, 0.4, 0.820737193498704, 14.312029123306274
435, 0.5, 0.4, 0.5, 0.8144569862889697, 14.250681161880493
436, 0.5, 0.4, 0.6, 0.8084982173045496, 14.285177946090698
437, 0.5, 0.4, 0.7, 0.8016035676084518, 14.341685056686401
438, 0.5, 0.4, 0.8, 0.7974163896201768, 14.316488981246948
439, 0.5, 0.4, 0.9, 0.7956677963285186, 14.314808130264282
440, 0.5, 0.4, 1.0, 1.0713457387826406, 14.317743062973022
441, 0.5, 0.5, 0.1, 0.853343610305532, 14.280231952667236
442, 0.5, 0.5, 0.2, 0.8479116843340894, 14.314414978027344
443, 0.5, 0.5, 0.3, 0.8426267041901163, 14.27306604385376
444, 0.5, 0.5, 0.4, 0.837155298198244, 14.299232959747314
445, 0.5, 0.5, 0.5, 0.8311824915491637, 14.27267599105835
446, 0.5, 0.5, 0.6, 0.8242935102099114, 14.244024991989136
447, 0.5, 0.5, 0.7, 0.8166239222103822, 14.308088064193726
448, 0.5, 0.5, 0.8, 0.8114066323230245, 14.299994945526123
449, 0.5, 0.5, 0.9, 0.8078071106055403, 14.334860801696777
450, 0.5, 0.5, 1.0, 1.1099335405093833, 14.315045833587646
451, 0.5, 0.6, 0.1, 0.8678742633799555, 14.284836053848267
452, 0.5, 0.6, 0.2, 0.8631669181613568, 14.309710025787354
453, 0.5, 0.6, 0.3, 0.8584988352160132, 14.30620789527893
454, 0.5, 0.6, 0.4, 0.8535734028977842, 14.351365089416504
455, 0.5, 0.6, 0.5, 0.8480904621213782, 14.29127311706543
456, 0.5, 0.6, 0.6, 0.8416346292351428, 14.286960124969482
457, 0.5, 0.6, 0.7, 0.833628806147647, 14.303143978118896
458, 0.5, 0.6, 0.8, 0.8253968750258724, 14.267661094665527
459, 0.5, 0.6, 0.9, 0.8205525507647838, 14.26376485824585
460, 0.5, 0.6, 1.0, 1.1509086381903704, 14.318454027175903
461, 0.5, 0.7, 0.1, 0.8824049164543799, 14.26575493812561
462, 0.5, 0.7, 0.2, 0.8784221519886249, 14.316460132598877
463, 0.5, 0.7, 0.3, 0.8743709662419097, 14.27854299545288
464, 0.5, 0.7, 0.4, 0.8699915075973242, 14.346529960632324