1, 20, 80, 0.2, 0.1, 0.5, 0.9020558031944326, 30.348960876464844
2, 20, 80, 0.2, 0.1, 0.6, 0.8836917883982229, 30.41487193107605
3, 20, 80, 0.2, 0.1, 0.7, 0.8753827941991156, 30.394668102264404
4, 20, 80, 0.2, 0.1, 0.8, 0.8679282055332621, 30.386701107025146
5, 20, 80, 0.2, 0.1, 0.9, 0.8979750905766812, 30.07538080215454
6, 20, 80, 0.2, 0.2, 0.5, 0.9154095164498834, 30.294234037399292
7, 20, 80, 0.2, 0.2, 0.6, 0.8966830730094392, 30.336801052093506
8, 20, 80, 0.2, 0.2, 0.7, 0.8866891580934021, 30.362651109695435
9, 20, 80, 0.2, 0.2, 0.8, 0.8815122979820424, 30.223225831985474
10, 20, 80, 0.2, 0.2, 0.9, 0.9079674784791596, 30.324553966522217
11, 20, 80, 0.2, 0.3, 0.5, 0.9318994534351086, 30.312145948410034
12, 20, 80, 0.2, 0.3, 0.6, 0.9134464035782526, 30.340142965316772
13, 20, 80, 0.2, 0.3, 0.7, 0.9033949111604408, 30.36182689666748
14, 20, 80, 0.2, 0.3, 0.8, 0.8977517953777857, 30.366076946258545
15, 20, 80, 0.2, 0.3, 0.9, 0.919910076274908, 30.24161386489868
16, 20, 80, 0.2, 0.4, 0.5, 0.9499672231447759, 30.320569038391113
17, 20, 80, 0.2, 0.4, 0.6, 0.9318306494339268, 30.36115598678589
18, 20, 80, 0.2, 0.4, 0.7, 0.9214415749861664, 30.23973798751831
19, 20, 80, 0.2, 0.4, 0.8, 0.9150046173166542, 30.300013065338135
20, 20, 80, 0.2, 0.4, 0.9, 0.93310731751052, 30.279855966567993
21, 20, 80, 0.2, 0.5, 0.5, 0.9688673986142058, 30.288734197616577
22, 20, 80, 0.2, 0.5, 0.6, 0.9511148608274161, 30.391767978668213
23, 20, 80, 0.2, 0.5, 0.7, 0.9406840493262132, 30.325905799865723
24, 20, 80, 0.2, 0.5, 0.8, 0.9352106771873977, 30.290562868118286
25, 20, 80, 0.2, 0.5, 0.9, 0.9479382992987903, 30.318963050842285
26, 20, 80, 0.3, 0.1, 0.5, 0.907994491350403, 30.34955096244812
27, 20, 80, 0.3, 0.1, 0.6, 0.8846584583206013, 30.297795057296753
28, 20, 80, 0.3, 0.1, 0.7, 0.8761414879969822, 30.267133951187134
29, 20, 80, 0.3, 0.1, 0.8, 0.8701569617538082, 30.290024995803833
30, 20, 80, 0.3, 0.1, 0.9, 0.9214206956836634, 30.33427095413208
31, 20, 80, 0.3, 0.2, 0.5, 0.9203355173199486, 30.366196870803833
32, 20, 80, 0.3, 0.2, 0.6, 0.8975813260783981, 30.30606698989868
33, 20, 80, 0.3, 0.2, 0.7, 0.8881659031442114, 30.279011964797974
34, 20, 80, 0.3, 0.2, 0.8, 0.8837897754372952, 30.225698947906494
35, 20, 80, 0.3, 0.2, 0.9, 0.9291818208775969, 30.236865997314453
36, 20, 80, 0.3, 0.3, 0.5, 0.9362027439392946, 30.322617053985596
37, 20, 80, 0.3, 0.3, 0.6, 0.9142384125291854, 30.348087072372437
38, 20, 80, 0.3, 0.3, 0.7, 0.9046926248990772, 30.291342973709106
39, 20, 80, 0.3, 0.3, 0.8, 0.8996820527728301, 30.308431148529053
40, 20, 80, 0.3, 0.3, 0.9, 0.9390700396708528, 30.30441904067993
41, 20, 80, 0.3, 0.4, 0.5, 0.953636833179491, 30.29298210144043
42, 20, 80, 0.3, 0.4, 0.6, 0.932452428930236, 30.25602698326111
43, 20, 80, 0.3, 0.4, 0.7, 0.9224475757727931, 30.32390284538269
44, 20, 80, 0.3, 0.4, 0.8, 0.9172761224627156, 30.35011601448059
45, 20, 80, 0.3, 0.4, 0.9, 0.9495759216404871, 30.24764394760132
46, 20, 80, 0.3, 0.5, 0.5, 0.9719184373521712, 30.34857702255249
47, 20, 80, 0.3, 0.5, 0.6, 0.951646320282157, 29.97112798690796
48, 20, 80, 0.3, 0.5, 0.7, 0.9415651785603617, 30.32910680770874
49, 20, 80, 0.3, 0.5, 0.8, 0.9371931940314577, 30.37428092956543
50, 20, 80, 0.3, 0.5, 0.9, 0.9616621367296863, 30.301141023635864
51, 20, 80, 0.4, 0.1, 0.5, 0.9139331795063724, 30.384495973587036
52, 20, 80, 0.4, 0.1, 0.6, 0.8857106255391369, 30.36731195449829
53, 20, 80, 0.4, 0.1, 0.7, 0.8776284567457922, 30.33571982383728
54, 20, 80, 0.4, 0.1, 0.8, 0.8725648419445428, 30.074357986450195
55, 20, 80, 0.4, 0.1, 0.9, 0.945653064403354, 29.950207948684692
56, 20, 80, 0.4, 0.2, 0.5, 0.9256033969358396, 30.255708932876587
57, 20, 80, 0.4, 0.2, 0.6, 0.8986861403403936, 30.31907296180725
58, 20, 80, 0.4, 0.2, 0.7, 0.8897987551840195, 30.26750087738037
59, 20, 80, 0.4, 0.2, 0.8, 0.8862052000282755, 30.309513092041016
60, 20, 80, 0.4, 0.2, 0.9, 0.9510166536784046, 30.30676293373108
61, 20, 80, 0.4, 0.3, 0.5, 0.9405595520518376, 30.282649993896484
62, 20, 80, 0.4, 0.3, 0.6, 0.9150304214801183, 30.302863121032715
63, 20, 80, 0.4, 0.3, 0.7, 0.9059903386377126, 30.359445095062256
64, 20, 80, 0.4, 0.3, 0.8, 0.9022340275492751, 30.38581609725952
65, 20, 80, 0.4, 0.3, 0.9, 0.9582834111558143, 30.382543087005615
66, 20, 80, 0.4, 0.4, 0.5, 0.9573064432142053, 30.287490844726562
67, 20, 80, 0.4, 0.4, 0.6, 0.9330742084265446, 30.350317001342773
68, 20, 80, 0.4, 0.4, 0.7, 0.9234535765594195, 30.405463933944702
69, 20, 80, 0.4, 0.4, 0.8, 0.9195476276087772, 30.39264988899231
70, 20, 80, 0.4, 0.4, 0.9, 0.9660445257704534, 30.349977016448975
71, 20, 80, 0.4, 0.5, 0.5, 0.9749694760901372, 30.32485294342041
72, 20, 80, 0.4, 0.5, 0.6, 0.9521777797368989, 30.40941286087036
73, 20, 80, 0.4, 0.5, 0.7, 0.9424463077945109, 30.403836965560913
74, 20, 80, 0.4, 0.5, 0.8, 0.9391757108755175, 30.411033868789673
75, 20, 80, 0.4, 0.5, 0.9, 0.9754855804122528, 30.377663135528564
76, 20, 80, 0.5, 0.1, 0.5, 0.9198718676623427, 30.37010383605957
77, 20, 80, 0.5, 0.1, 0.6, 0.8868328484015298, 30.412573099136353
78, 20, 80, 0.5, 0.1, 0.7, 0.8792231555336704, 30.387459993362427
79, 20, 80, 0.5, 0.1, 0.8, 0.8754893726349284, 30.3003568649292
80, 20, 80, 0.5, 0.1, 0.9, 0.9707717968085624, 30.41623592376709
81, 20, 80, 0.5, 0.2, 0.5, 0.9310094993842023, 30.370911836624146
82, 20, 80, 0.5, 0.2, 0.6, 0.9000187347051968, 30.373796939849854
83, 20, 80, 0.5, 0.2, 0.7, 0.8914983753619653, 30.338495016098022
84, 20, 80, 0.5, 0.2, 0.8, 0.888900016245738, 30.40827703475952
85, 20, 80, 0.5, 0.2, 0.9, 0.9732859240167165, 30.403398036956787
86, 20, 80, 0.5, 0.3, 0.5, 0.9449163601643816, 30.323337078094482
87, 20, 80, 0.5, 0.3, 0.6, 0.9158224304310513, 30.388411045074463
88, 20, 80, 0.5, 0.3, 0.7, 0.9072880523763497, 30.29586696624756
89, 20, 80, 0.5, 0.3, 0.8, 0.9050381977952013, 30.347994089126587
90, 20, 80, 0.5, 0.3, 0.9, 0.9774967826407756, 30.314568042755127
91, 20, 80, 0.5, 0.4, 0.5, 0.9609760532489201, 30.37365198135376
92, 20, 80, 0.5, 0.4, 0.6, 0.9336959879228544, 30.336910009384155
93, 20, 80, 0.5, 0.4, 0.7, 0.9244595773460467, 30.286553144454956
94, 20, 80, 0.5, 0.4, 0.8, 0.9218607528197611, 30.287851810455322
95, 20, 80, 0.5, 0.4, 0.9, 0.9827888147038836, 30.382750034332275
96, 20, 80, 0.5, 0.5, 0.5, 0.9780569023221609, 30.359654188156128
97, 20, 80, 0.5, 0.5, 0.6, 0.9527092391916395, 30.399460077285767
98, 20, 80, 0.5, 0.5, 0.7, 0.9433274370286601, 30.372145891189575
99, 20, 80, 0.5, 0.5, 0.8, 0.9411582277195784, 30.275058031082153
100, 20, 80, 0.5, 0.5, 0.9, 0.9896013808260895, 30.343045949935913
101, 20, 90, 0.2, 0.1, 0.5, 0.9043200147677636, 30.634873867034912
102, 20, 90, 0.2, 0.1, 0.6, 0.8857237009543968, 30.520931005477905
103, 20, 90, 0.2, 0.1, 0.7, 0.8776293222814061, 30.655077934265137
104, 20, 90, 0.2, 0.1, 0.8, 0.8692579114047858, 30.497116804122925
105, 20, 90, 0.2, 0.1, 0.9, 0.8987395228011765, 30.412144899368286
106, 20, 90, 0.2, 0.2, 0.5, 0.9177394389971052, 30.35829210281372
107, 20, 90, 0.2, 0.2, 0.6, 0.8987913491102667, 30.600654125213623
108, 20, 90, 0.2, 0.2, 0.7, 0.8888149663361037, 30.509554862976074
109, 20, 90, 0.2, 0.2, 0.8, 0.8818180187319116, 30.636664867401123
110, 20, 90, 0.2, 0.2, 0.9, 0.9073363883617526, 30.599123001098633
111, 20, 90, 0.2, 0.3, 0.5, 0.9345734587891508, 30.60249090194702
112, 20, 90, 0.2, 0.3, 0.6, 0.9156097901328198, 30.543127059936523
113, 20, 90, 0.2, 0.3, 0.7, 0.9052107746722123, 30.543388843536377
114, 20, 90, 0.2, 0.3, 0.8, 0.8965363216815759, 30.477838039398193
115, 20, 90, 0.2, 0.3, 0.9, 0.9177549442348509, 30.184697151184082
116, 20, 90, 0.2, 0.4, 0.5, 0.9527714480816605, 30.587980031967163
117, 20, 90, 0.2, 0.4, 0.6, 0.9338788114511943, 30.647236824035645
118, 20, 90, 0.2, 0.4, 0.7, 0.9230471949225911, 30.58242106437683
119, 20, 90, 0.2, 0.4, 0.8, 0.9128954977367213, 30.607855796813965
120, 20, 90, 0.2, 0.4, 0.9, 0.929110785313504, 30.554466009140015
121, 20, 90, 0.2, 0.5, 0.5, 0.9717270069962817, 30.655668020248413
122, 20, 90, 0.2, 0.5, 0.6, 0.9529111101466909, 30.575159072875977
123, 20, 90, 0.2, 0.5, 0.7, 0.9418011512392658, 30.663877964019775
124, 20, 90, 0.2, 0.5, 0.8, 0.9315714200787385, 30.61603093147278
125, 20, 90, 0.2, 0.5, 0.9, 0.9420847501626664, 30.62189292907715
126, 20, 90, 0.3, 0.1, 0.5, 0.9100010923761559, 30.658963918685913
127, 20, 90, 0.3, 0.1, 0.6, 0.8864539301671563, 30.55123782157898
128, 20, 90, 0.3, 0.1, 0.7, 0.8780594863113462, 30.62702512741089
129, 20, 90, 0.3, 0.1, 0.8, 0.8713125093225192, 30.612964868545532
130, 20, 90, 0.3, 0.1, 0.9, 0.9220166880035467, 30.555327892303467
131, 20, 90, 0.3, 0.2, 0.5, 0.9224896673453182, 30.584244966506958
132, 20, 90, 0.3, 0.2, 0.6, 0.8994580351612398, 30.62586498260498
133, 20, 90, 0.3, 0.2, 0.7, 0.8898932957333398, 30.686784982681274
134, 20, 90, 0.3, 0.2, 0.8, 0.8836033995051747, 30.607272148132324
135, 20, 90, 0.3, 0.2, 0.9, 0.9281485376004979, 30.64397096633911
136, 20, 90, 0.3, 0.3, 0.5, 0.9386548776683343, 30.609863996505737
137, 20, 90, 0.3, 0.3, 0.6, 0.9161718097670754, 30.622621059417725
138, 20, 90, 0.3, 0.3, 0.7, 0.9062548255595574, 30.59521794319153
139, 20, 90, 0.3, 0.3, 0.8, 0.8982601693586364, 30.61561918258667
140, 20, 90, 0.3, 0.3, 0.9, 0.9366548294009597, 30.53590202331543
141, 20, 90, 0.3, 0.4, 0.5, 0.9562698071209612, 30.562419891357422
142, 20, 90, 0.3, 0.4, 0.6, 0.9342993840441268, 30.666515111923218
143, 20, 90, 0.3, 0.4, 0.7, 0.9238222954170825, 30.538976907730103
144, 20, 90, 0.3, 0.4, 0.8, 0.9149093979405624, 30.623812913894653
145, 20, 90, 0.3, 0.4, 0.9, 0.945310686884455, 30.602386951446533
146, 20, 90, 0.3, 0.5, 0.5, 0.9746412938215037, 30.61113214492798
147, 20, 90, 0.3, 0.5, 0.6, 0.9532835579528196, 30.625685214996338
148, 20, 90, 0.3, 0.5, 0.7, 0.9425025052685698, 30.507266998291016
149, 20, 90, 0.3, 0.5, 0.8, 0.9333389768979027, 30.70192289352417
150, 20, 90, 0.3, 0.5, 0.9, 0.9554885825159596, 30.604593992233276
151, 20, 90, 0.4, 0.1, 0.5, 0.915701897984535, 30.570630073547363
152, 20, 90, 0.4, 0.1, 0.6, 0.8872261672090748, 30.5943820476532
153, 20, 90, 0.4, 0.1, 0.7, 0.8793277217778406, 30.671190977096558
154, 20, 90, 0.4, 0.1, 0.8, 0.8733998303420641, 30.630867958068848
155, 20, 90, 0.4, 0.1, 0.9, 0.9460385497771757, 30.535122871398926
156, 20, 90, 0.4, 0.2, 0.5, 0.9276000004793662, 30.5747709274292
157, 20, 90, 0.4, 0.2, 0.6, 0.9003232398740838, 30.528319835662842
158, 20, 90, 0.4, 0.2, 0.7, 0.8912326196924971, 30.548995971679688
159, 20, 90, 0.4, 0.2, 0.8, 0.8856522218603329, 30.56635618209839
160, 20, 90, 0.4, 0.2, 0.9, 0.9498131764041499, 30.589197874069214
161, 20, 90, 0.4, 0.3, 0.5, 0.9428020110098285, 30.63078808784485
162, 20, 90, 0.4, 0.3, 0.6, 0.9167338294013306, 30.62910795211792
163, 20, 90, 0.4, 0.3, 0.7, 0.9072988764469037, 30.424932956695557
164, 20, 90, 0.4, 0.3, 0.8, 0.9007788057718256, 30.612037897109985
165, 20, 90, 0.4, 0.3, 0.9, 0.9555547145670678, 30.191747188568115
166, 20, 90, 0.4, 0.4, 0.5, 0.9597681661602612, 30.526015996932983
167, 20, 90, 0.4, 0.4, 0.6, 0.9347199566370584, 30.606076955795288
168, 20, 90, 0.4, 0.4, 0.7, 0.9245973959115713, 30.638318061828613
169, 20, 90, 0.4, 0.4, 0.8, 0.9169232981444032, 30.58276391029358
170, 20, 90, 0.4, 0.4, 0.9, 0.9615105884554045, 30.54078698158264
171, 20, 90, 0.4, 0.5, 0.5, 0.9775555806467279, 30.545329093933105
172, 20, 90, 0.4, 0.5, 0.6, 0.9536560057589475, 30.387753009796143
173, 20, 90, 0.4, 0.5, 0.7, 0.9432038592978754, 30.517569065093994
174, 20, 90, 0.4, 0.5, 0.8, 0.9351259063342554, 30.152695178985596
175, 20, 90, 0.4, 0.5, 0.9, 0.9691347161019827, 30.49620819091797
176, 20, 90, 0.5, 0.1, 0.5, 0.9214059229265976, 30.519409894943237
177, 20, 90, 0.5, 0.1, 0.6, 0.8883451881612262, 30.63438081741333
178, 20, 90, 0.5, 0.1, 0.7, 0.8806024395145774, 30.631542205810547
179, 20, 90, 0.5, 0.1, 0.8, 0.876008618339663, 30.618430852890015
180, 20, 90, 0.5, 0.1, 0.9, 0.9710763779907816, 30.522430896759033
181, 20, 90, 0.5, 0.2, 0.5, 0.9327853596916191, 30.648732900619507
182, 20, 90, 0.5, 0.2, 0.6, 0.9014295396846049, 30.55062508583069
183, 20, 90, 0.5, 0.2, 0.7, 0.892720135332639, 30.60513401031494
184, 20, 90, 0.5, 0.2, 0.8, 0.8882247266162829, 30.533976078033447
185, 20, 90, 0.5, 0.2, 0.9, 0.971949272673376, 30.577210187911987
186, 20, 90, 0.5, 0.3, 0.5, 0.9469634834257233, 30.683155059814453
187, 20, 90, 0.5, 0.3, 0.6, 0.917295849035588, 30.596058130264282
188, 20, 90, 0.5, 0.3, 0.7, 0.9083429273342496, 30.551560878753662
189, 20, 90, 0.5, 0.3, 0.8, 0.9032974421850146, 30.54571294784546
190, 20, 90, 0.5, 0.3, 0.9, 0.9745826630821636, 30.504209995269775
191, 20, 90, 0.5, 0.4, 0.5, 0.9632665251995626, 30.564297914505005
192, 20, 90, 0.5, 0.4, 0.6, 0.9351405292299911, 30.53329610824585
193, 20, 90, 0.5, 0.4, 0.7, 0.9253724964060609, 30.531247854232788
194, 20, 90, 0.5, 0.4, 0.8, 0.9189371983482446, 30.4831759929657
195, 20, 90, 0.5, 0.4, 0.9, 0.9779502917987661, 30.581772804260254
196, 20, 90, 0.5, 0.5, 0.5, 0.9804999440591441, 30.59256100654602
197, 20, 90, 0.5, 0.5, 0.6, 0.9540284535650765, 30.564079999923706
198, 20, 90, 0.5, 0.5, 0.7, 0.9439052133271796, 30.555618047714233
199, 20, 90, 0.5, 0.5, 0.8, 0.936912835770608, 30.512305974960327
200, 20, 90, 0.5, 0.5, 0.9, 0.983028660504382, 30.530767917633057
201, 20, 100, 0.2, 0.1, 0.5, 0.9060789823558607, 30.898969173431396
202, 20, 100, 0.2, 0.1, 0.6, 0.8874420085932471, 30.85413384437561
203, 20, 100, 0.2, 0.1, 0.7, 0.8795875841580122, 30.585867166519165
204, 20, 100, 0.2, 0.1, 0.8, 0.8711121386183085, 30.86227011680603
205, 20, 100, 0.2, 0.1, 0.9, 0.900912758200455, 30.89232301712036
206, 20, 100, 0.2, 0.2, 0.5, 0.9197393474366425, 30.70321297645569
207, 20, 100, 0.2, 0.2, 0.6, 0.9008562541883118, 30.759595155715942
208, 20, 100, 0.2, 0.2, 0.7, 0.8910510861513363, 30.792838096618652
209, 20, 100, 0.2, 0.2, 0.8, 0.8828930440875441, 30.781638860702515
210, 20, 100, 0.2, 0.2, 0.9, 0.9091261943407882, 30.790530920028687
211, 20, 100, 0.2, 0.3, 0.5, 0.9369362775091452, 30.73102307319641
212, 20, 100, 0.2, 0.3, 0.6, 0.9177907240228916, 30.668417930603027
213, 20, 100, 0.2, 0.3, 0.7, 0.9075720938200742, 30.80418610572815
214, 20, 100, 0.2, 0.3, 0.8, 0.8967991608224881, 30.696044921875
215, 20, 100, 0.2, 0.3, 0.9, 0.9198593392337359, 30.738965034484863
216, 20, 100, 0.2, 0.4, 0.5, 0.9553287492919089, 30.641330003738403
217, 20, 100, 0.2, 0.4, 0.6, 0.9361239733488935, 30.688136100769043
218, 20, 100, 0.2, 0.4, 0.7, 0.9255503209640692, 30.707777976989746
219, 20, 100, 0.2, 0.4, 0.8, 0.9125663774322175, 30.740633964538574
220, 20, 100, 0.2, 0.4, 0.9, 0.9310205181276797, 30.763352155685425
221, 20, 100, 0.2, 0.5, 0.5, 0.9743960735418268, 30.63975191116333
222, 20, 100, 0.2, 0.5, 0.6, 0.9551089116433756, 30.49192190170288
223, 20, 100, 0.2, 0.5, 0.7, 0.944263210261643, 30.688194036483765
224, 20, 100, 0.2, 0.5, 0.8, 0.9304367093615601, 30.286191940307617
225, 20, 100, 0.2, 0.5, 0.9, 0.9439136393764826, 30.706593990325928
226, 20, 100, 0.3, 0.1, 0.5, 0.9116030974675101, 30.610017776489258
227, 20, 100, 0.3, 0.1, 0.6, 0.8879850638578408, 30.70833683013916
228, 20, 100, 0.3, 0.1, 0.7, 0.879905192812975, 30.767693042755127
229, 20, 100, 0.3, 0.1, 0.8, 0.8728182727247077, 30.676723957061768
230, 20, 100, 0.3, 0.1, 0.9, 0.9242702161587396, 30.669564962387085
231, 20, 100, 0.3, 0.2, 0.5, 0.9243226050357622, 30.525110960006714
232, 20, 100, 0.3, 0.2, 0.6, 0.9012934116647555, 30.244792938232422
233, 20, 100, 0.3, 0.2, 0.7, 0.8920076905758281, 30.692095041275024
234, 20, 100, 0.3, 0.2, 0.8, 0.8844808431720321, 30.622821807861328
235, 20, 100, 0.3, 0.2, 0.9, 0.9301935459677513, 30.523432970046997
236, 20, 100, 0.3, 0.3, 0.5, 0.9408520399513646, 30.672229051589966
237, 20, 100, 0.3, 0.3, 0.6, 0.9181147028965663, 30.66932511329651
238, 20, 100, 0.3, 0.3, 0.7, 0.9083176369649947, 30.643449783325195
239, 20, 100, 0.3, 0.3, 0.8, 0.8982529980396778, 30.5856671333313
240, 20, 100, 0.3, 0.3, 0.9, 0.9384851391148938, 30.705521821975708
241, 20, 100, 0.3, 0.4, 0.5, 0.9586471687084509, 30.70092487335205
242, 20, 100, 0.3, 0.4, 0.6, 0.9363402716795821, 30.65869402885437
243, 20, 100, 0.3, 0.4, 0.7, 0.9260976364293253, 30.66821599006653
244, 20, 100, 0.3, 0.4, 0.8, 0.9143359892580288, 30.647840976715088
245, 20, 100, 0.3, 0.4, 0.9, 0.9469401284457482, 30.54953408241272
246, 20, 100, 0.3, 0.5, 0.5, 0.9772270310728929, 30.611209869384766
247, 20, 100, 0.3, 0.5, 0.6, 0.9553139630404571, 30.632577896118164
248, 20, 100, 0.3, 0.5, 0.7, 0.9447284510356196, 30.637444019317627
249, 20, 100, 0.3, 0.5, 0.8, 0.9318819220691205, 30.693137168884277
250, 20, 100, 0.3, 0.5, 0.9, 0.9569442133909116, 30.61167311668396
251, 20, 100, 0.4, 0.1, 0.5, 0.9171272125791586, 30.64923906326294
252, 20, 100, 0.4, 0.1, 0.6, 0.8886440175128321, 30.56810998916626
253, 20, 100, 0.4, 0.1, 0.7, 0.880948278550481, 30.650207996368408
254, 20, 100, 0.4, 0.1, 0.8, 0.8745244068311069, 30.621503114700317
255, 20, 100, 0.4, 0.1, 0.9, 0.9480787304994254, 30.576229095458984
256, 20, 100, 0.4, 0.2, 0.5, 0.9292578569829619, 30.488996982574463
257, 20, 100, 0.4, 0.2, 0.6, 0.9019917768142075, 30.519516944885254
258, 20, 100, 0.4, 0.2, 0.7, 0.89314227865945, 30.42489504814148
259, 20, 100, 0.4, 0.2, 0.8, 0.8863480361025362, 30.721654176712036
260, 20, 100, 0.4, 0.2, 0.9, 0.9517508828003604, 30.704351902008057
261, 20, 100, 0.4, 0.3, 0.5, 0.9447801278431407, 30.727316856384277
262, 20, 100, 0.4, 0.3, 0.6, 0.9184902899334552, 30.751567840576172
263, 20, 100, 0.4, 0.3, 0.7, 0.9091351643153089, 30.734637022018433
264, 20, 100, 0.4, 0.3, 0.8, 0.9004988375707441, 30.676520824432373
265, 20, 100, 0.4, 0.3, 0.9, 0.9571109389960513, 30.748827934265137
266, 20, 100, 0.4, 0.4, 0.5, 0.9620035365160673, 30.709026098251343
267, 20, 100, 0.4, 0.4, 0.6, 0.9365917642116044, 30.647212028503418
268, 20, 100, 0.4, 0.4, 0.7, 0.9266728462743772, 30.7946457862854
269, 20, 100, 0.4, 0.4, 0.8, 0.9161128794803635, 30.8258159160614
270, 20, 100, 0.4, 0.4, 0.9, 0.9628597387638169, 30.7505521774292
271, 20, 100, 0.4, 0.5, 0.5, 0.9800579886039588, 30.71410298347473
272, 20, 100, 0.4, 0.5, 0.6, 0.9555660967062316, 30.636123180389404
273, 20, 100, 0.4, 0.5, 0.7, 0.945264840624431, 30.598676919937134
274, 20, 100, 0.4, 0.5, 0.8, 0.933474052487144, 30.626434803009033
275, 20, 100, 0.4, 0.5, 0.9, 0.9703866636229319, 30.623110055923462
276, 20, 100, 0.5, 0.1, 0.5, 0.9226513276908093, 30.784263849258423
277, 20, 100, 0.5, 0.1, 0.6, 0.8896055105676441, 30.777873039245605
278, 20, 100, 0.5, 0.1, 0.7, 0.8819918047478211, 30.67668914794922
279, 20, 100, 0.5, 0.1, 0.8, 0.876844077289022, 30.549721002578735
280, 20, 100, 0.5, 0.1, 0.9, 0.9725826075634836, 30.617506980895996
281, 20, 100, 0.5, 0.2, 0.5, 0.9342793273445005, 30.336215019226074
282, 20, 100, 0.5, 0.2, 0.6, 0.9028850215483859, 30.479973077774048
283, 20, 100, 0.5, 0.2, 0.7, 0.894394383085991, 30.567415952682495
284, 20, 100, 0.5, 0.2, 0.8, 0.8885372173501855, 30.474253177642822
285, 20, 100, 0.5, 0.2, 0.9, 0.9734991802485148, 30.183579921722412
286, 20, 100, 0.5, 0.3, 0.5, 0.9487844281922544, 30.606274127960205
287, 20, 100, 0.5, 0.3, 0.6, 0.9188658769703454, 30.55575394630432
288, 20, 100, 0.5, 0.3, 0.7, 0.9099802518639022, 30.547171115875244
289, 20, 100, 0.5, 0.3, 0.8, 0.9027824391335441, 30.48398995399475
290, 20, 100, 0.5, 0.3, 0.9, 0.9757367388772084, 30.298173189163208
291, 20, 100, 0.5, 0.4, 0.5, 0.965359904323684, 30.505071878433228
292, 20, 100, 0.5, 0.4, 0.6, 0.9368432567436265, 30.543736934661865
293, 20, 100, 0.5, 0.4, 0.7, 0.9272480561194284, 30.613190174102783
294, 20, 100, 0.5, 0.4, 0.8, 0.9178897697026972, 30.147154808044434
295, 20, 100, 0.5, 0.4, 0.9, 0.9788904858872713, 30.54469585418701
296, 20, 100, 0.5, 0.5, 0.5, 0.9828889461350252, 30.495088815689087
297, 20, 100, 0.5, 0.5, 0.6, 0.955853013315085, 30.465590000152588
298, 20, 100, 0.5, 0.5, 0.7, 0.945837931154341, 30.433847904205322
299, 20, 100, 0.5, 0.5, 0.8, 0.9350890687163866, 30.479737043380737
300, 20, 100, 0.5, 0.5, 0.9, 0.9840022340842679, 30.56838297843933
301, 30, 80, 0.2, 0.1, 0.5, 0.891827648594125, 30.692749977111816
302, 30, 80, 0.2, 0.1, 0.6, 0.8837746823495294, 30.695086002349854
303, 30, 80, 0.2, 0.1, 0.7, 0.8772995412790944, 30.647133111953735
304, 30, 80, 0.2, 0.1, 0.8, 0.8635698081984298, 30.7104549407959
305, 30, 80, 0.2, 0.1, 0.9, 0.8576322149444118, 30.691713094711304
306, 30, 80, 0.2, 0.2, 0.5, 0.897697891294852, 30.72146511077881
307, 30, 80, 0.2, 0.2, 0.6, 0.8914752824800686, 30.61922597885132
308, 30, 80, 0.2, 0.2, 0.7, 0.88785194237181, 30.62836718559265
309, 30, 80, 0.2, 0.2, 0.8, 0.871067857284703, 30.660828113555908
310, 30, 80, 0.2, 0.2, 0.9, 0.8676158954313833, 30.61108112335205
311, 30, 80, 0.2, 0.3, 0.5, 0.9067412366138082, 30.57175898551941
312, 30, 80, 0.2, 0.3, 0.6, 0.9020328658397965, 30.653385877609253
313, 30, 80, 0.2, 0.3, 0.7, 0.9011114811725017, 30.7207350730896
314, 30, 80, 0.2, 0.3, 0.8, 0.8810769011373581, 31.029172897338867
315, 30, 80, 0.2, 0.3, 0.9, 0.8784425534686389, 31.177430868148804
316, 30, 80, 0.2, 0.4, 0.5, 0.917398227709235, 31.140547037124634
317, 30, 80, 0.2, 0.4, 0.6, 0.9140852315009272, 31.031442165374756
318, 30, 80, 0.2, 0.4, 0.7, 0.9157168643386253, 31.102471113204956
319, 30, 80, 0.2, 0.4, 0.8, 0.8920974357848996, 31.05777907371521
320, 30, 80, 0.2, 0.4, 0.9, 0.8911145446808414, 31.03385090827942
321, 30, 80, 0.2, 0.5, 0.5, 0.9308329679316893, 31.102777004241943
322, 30, 80, 0.2, 0.5, 0.6, 0.9269188351685046, 31.079451084136963
323, 30, 80, 0.2, 0.5, 0.7, 0.9313642629021841, 31.068230867385864
324, 30, 80, 0.2, 0.5, 0.8, 0.9047599811118692, 31.042321920394897
325, 30, 80, 0.2, 0.5, 0.9, 0.9052327541188215, 31.103682041168213
326, 30, 80, 0.3, 0.1, 0.5, 0.8935407783411204, 31.071123838424683
327, 30, 80, 0.3, 0.1, 0.6, 0.8856052742657625, 31.07745122909546
328, 30, 80, 0.3, 0.1, 0.7, 0.879530750185694, 31.129788160324097
329, 30, 80, 0.3, 0.1, 0.8, 0.8661895777386048, 31.06503200531006
330, 30, 80, 0.3, 0.1, 0.9, 0.8631168202812789, 30.962224006652832
331, 30, 80, 0.3, 0.2, 0.5, 0.8990358312650287, 31.102102994918823
332, 30, 80, 0.3, 0.2, 0.6, 0.8927374778984544, 31.07340097427368
333, 30, 80, 0.3, 0.2, 0.7, 0.889806289489884, 31.002536058425903
334, 30, 80, 0.3, 0.2, 0.8, 0.8736802141980574, 31.1652729511261
335, 30, 80, 0.3, 0.2, 0.9, 0.8726492086661533, 31.12813091278076
336, 30, 80, 0.3, 0.3, 0.5, 0.9077129038642788, 31.089915990829468
337, 30, 80, 0.3, 0.3, 0.6, 0.9029960335474574, 31.116506814956665
338, 30, 80, 0.3, 0.3, 0.7, 0.9027333469674115, 31.115328073501587
339, 30, 80, 0.3, 0.3, 0.8, 0.8832355651836895, 30.89980721473694
340, 30, 80, 0.3, 0.3, 0.9, 0.883360227558352, 30.998055934906006
341, 30, 80, 0.3, 0.4, 0.5, 0.9180618213508228, 30.699657917022705
342, 30, 80, 0.3, 0.4, 0.6, 0.9147268950951487, 31.1723370552063
343, 30, 80, 0.3, 0.4, 0.7, 0.916973911208891, 31.114768981933594
344, 30, 80, 0.3, 0.4, 0.8, 0.894130879554004, 31.046975135803223
345, 30, 80, 0.3, 0.4, 0.9, 0.8949399495306317, 31.13805603981018
346, 30, 80, 0.3, 0.5, 0.5, 0.9313525627886986, 31.10684895515442
347, 30, 80, 0.3, 0.5, 0.6, 0.9274820495366347, 31.158662796020508
348, 30, 80, 0.3, 0.5, 0.7, 0.932305126936963, 30.805204153060913
349, 30, 80, 0.3, 0.5, 0.8, 0.9062406871961357, 31.067709922790527
350, 30, 80, 0.3, 0.5, 0.9, 0.9083250918698591, 31.104696035385132
351, 30, 80, 0.4, 0.1, 0.5, 0.8952539080881159, 30.63514804840088
352, 30, 80, 0.4, 0.1, 0.6, 0.8874358661819949, 31.043133974075317
353, 30, 80, 0.4, 0.1, 0.7, 0.8823605754597096, 31.08389186859131
354, 30, 80, 0.4, 0.1, 0.8, 0.8696625678213149, 31.07121205329895
355, 30, 80, 0.4, 0.1, 0.9, 0.8692133808324334, 31.145423889160156
356, 30, 80, 0.4, 0.2, 0.5, 0.9005792588113222, 31.104022979736328
357, 30, 80, 0.4, 0.2, 0.6, 0.8943684383689939, 31.11882495880127
358, 30, 80, 0.4, 0.2, 0.7, 0.8922437779211506, 31.09416699409485
359, 30, 80, 0.4, 0.2, 0.8, 0.8766646858600531, 31.14792799949646
360, 30, 80, 0.4, 0.2, 0.9, 0.8780876309529044, 31.152372121810913
361, 30, 80, 0.4, 0.3, 0.5, 0.9086845711147503, 31.102303981781006
362, 30, 80, 0.4, 0.3, 0.6, 0.9039592012551173, 31.09395718574524
363, 30, 80, 0.4, 0.3, 0.7, 0.9043552127623209, 31.070989847183228
364, 30, 80, 0.4, 0.3, 0.8, 0.885995257498744, 31.098783016204834
365, 30, 80, 0.4, 0.3, 0.9, 0.8884427803240469, 31.139760971069336
366, 30, 80, 0.4, 0.4, 0.5, 0.9187254149924111, 31.043709993362427
367, 30, 80, 0.4, 0.4, 0.6, 0.9154194913223213, 30.960739135742188
368, 30, 80, 0.4, 0.4, 0.7, 0.9183429260372336, 31.178529977798462
369, 30, 80, 0.4, 0.4, 0.8, 0.896164323323109, 31.15267300605774
370, 30, 80, 0.4, 0.4, 0.9, 0.8992311965069874, 31.08806800842285
371, 30, 80, 0.4, 0.5, 0.5, 0.9318721576457081, 31.082782983779907
372, 30, 80, 0.4, 0.5, 0.6, 0.9280452639047646, 31.1006178855896
373, 30, 80, 0.4, 0.5, 0.7, 0.9333179996705446, 31.093219995498657
374, 30, 80, 0.4, 0.5, 0.8, 0.907721393280404, 31.188891887664795
375, 30, 80, 0.4, 0.5, 0.9, 0.9116120788268531, 31.139930963516235
376, 30, 80, 0.5, 0.1, 0.5, 0.8969670378351112, 31.06627893447876
377, 30, 80, 0.5, 0.1, 0.6, 0.889266458098228, 31.09149694442749
378, 30, 80, 0.5, 0.1, 0.7, 0.8852523333481019, 31.081763982772827
379, 30, 80, 0.5, 0.1, 0.8, 0.8739975128278459, 31.054285049438477
380, 30, 80, 0.5, 0.1, 0.9, 0.8765836750220325, 31.067249059677124
381, 30, 80, 0.5, 0.2, 0.5, 0.9022521480703981, 31.092462062835693
382, 30, 80, 0.5, 0.2, 0.6, 0.8960857582912549, 31.116579055786133
383, 30, 80, 0.5, 0.2, 0.7, 0.8948041999707448, 31.118345022201538
384, 30, 80, 0.5, 0.2, 0.8, 0.8802976247440116, 31.02935290336609
385, 30, 80, 0.5, 0.2, 0.9, 0.883988910183276, 31.079813957214355
386, 30, 80, 0.5, 0.3, 0.5, 0.9099403993849264, 31.020649909973145
387, 30, 80, 0.5, 0.3, 0.6, 0.9051500064151873, 31.05538821220398
388, 30, 80, 0.5, 0.3, 0.7, 0.9062018570241704, 31.065095901489258
389, 30, 80, 0.5, 0.3, 0.8, 0.8887549498137983, 31.163660049438477
390, 30, 80, 0.5, 0.3, 0.9, 0.8936485030291702, 31.05145502090454
391, 30, 80, 0.5, 0.4, 0.5, 0.9194038596086497, 31.115583896636963
392, 30, 80, 0.5, 0.4, 0.6, 0.9162450636431736, 31.1004159450531
393, 30, 80, 0.5, 0.4, 0.7, 0.9197119408655748, 31.031054973602295
394, 30, 80, 0.5, 0.4, 0.8, 0.8981977670922151, 31.070964097976685
395, 30, 80, 0.5, 0.4, 0.9, 0.9039934673410456, 31.06502890586853
396, 30, 80, 0.5, 0.5, 0.5, 0.9323917525027176, 31.130391120910645
397, 30, 80, 0.5, 0.5, 0.6, 0.9286084782728943, 31.112441062927246
398, 30, 80, 0.5, 0.5, 0.7, 0.9343421667503149, 30.879917860031128
399, 30, 80, 0.5, 0.5, 0.8, 0.9093326021771656, 31.08895206451416
400, 30, 80, 0.5, 0.5, 0.9, 0.9151935937463509, 30.685539960861206
401, 30, 90, 0.2, 0.1, 0.5, 0.8933538040508516, 31.202263832092285
402, 30, 90, 0.2, 0.1, 0.6, 0.8855841801640743, 31.187255859375
403, 30, 90, 0.2, 0.1, 0.7, 0.879097276111745, 31.210227012634277
404, 30, 90, 0.2, 0.1, 0.8, 0.8653157071906924, 31.142503023147583
405, 30, 90, 0.2, 0.1, 0.9, 0.8596905099874819, 31.23507285118103
406, 30, 90, 0.2, 0.2, 0.5, 0.8985999794181483, 30.95906090736389
407, 30, 90, 0.2, 0.2, 0.6, 0.8924326197881706, 30.75830316543579
408, 30, 90, 0.2, 0.2, 0.7, 0.8887066982015162, 31.151878118515015
409, 30, 90, 0.2, 0.2, 0.8, 0.872191772287113, 31.23941397666931
410, 30, 90, 0.2, 0.2, 0.9, 0.8690917947409879, 31.231015920639038
411, 30, 90, 0.2, 0.3, 0.5, 0.9071473062733968, 31.144458055496216
412, 30, 90, 0.2, 0.3, 0.6, 0.9025489673248159, 31.157798051834106
413, 30, 90, 0.2, 0.3, 0.7, 0.9011408974620787, 31.176713943481445
414, 30, 90, 0.2, 0.3, 0.8, 0.8812493410063658, 31.18430495262146
415, 30, 90, 0.2, 0.3, 0.9, 0.8797231146190153, 31.206257104873657
416, 30, 90, 0.2, 0.4, 0.5, 0.9178305918476148, 31.186357021331787
417, 30, 90, 0.2, 0.4, 0.6, 0.9139427694033069, 31.1876540184021
418, 30, 90, 0.2, 0.4, 0.7, 0.9149308101206419, 31.13007402420044
419, 30, 90, 0.2, 0.4, 0.8, 0.891297858955711, 31.208376169204712
420, 30, 90, 0.2, 0.4, 0.9, 0.8919327850405855, 31.190673112869263
421, 30, 90, 0.2, 0.5, 0.5, 0.9347509889112462, 31.1040620803833
422, 30, 90, 0.2, 0.5, 0.6, 0.9289740097539383, 31.162769079208374
423, 30, 90, 0.2, 0.5, 0.7, 0.929633620532617, 31.175682067871094
424, 30, 90, 0.2, 0.5, 0.8, 0.9029743536368333, 31.177033185958862
425, 30, 90, 0.2, 0.5, 0.9, 0.9056904801207891, 31.153759002685547
426, 30, 90, 0.3, 0.1, 0.5, 0.89482878992776, 31.210278034210205
427, 30, 90, 0.3, 0.1, 0.6, 0.8871348419036895, 31.126981019973755
428, 30, 90, 0.3, 0.1, 0.7, 0.8811111358311565, 31.14080810546875
429, 30, 90, 0.3, 0.1, 0.8, 0.8679012267336562, 31.113105058670044
430, 30, 90, 0.3, 0.1, 0.9, 0.8648744918321691, 31.165751934051514
431, 30, 90, 0.3, 0.2, 0.5, 0.8997333413674444, 31.119334936141968
432, 30, 90, 0.3, 0.2, 0.6, 0.8935140809943009, 31.138301134109497
433, 30, 90, 0.3, 0.2, 0.7, 0.8902934671409137, 31.14887809753418
434, 30, 90, 0.3, 0.2, 0.8, 0.8744656401586207, 31.178417921066284
435, 30, 90, 0.3, 0.2, 0.9, 0.8739844885142387, 31.271126985549927
436, 30, 90, 0.3, 0.3, 0.5, 0.9079242543367102, 31.151671886444092
437, 30, 90, 0.3, 0.3, 0.6, 0.9032827622252916, 31.187026023864746
438, 30, 90, 0.3, 0.3, 0.7, 0.9024960816339647, 31.187675952911377
439, 30, 90, 0.3, 0.3, 0.8, 0.8830713816770378, 31.213790893554688
440, 30, 90, 0.3, 0.3, 0.9, 0.8842358029644982, 31.151216983795166
441, 30, 90, 0.3, 0.4, 0.5, 0.9182709677576276, 31.2095730304718
442, 30, 90, 0.3, 0.4, 0.6, 0.9143837545308595, 31.17857599258423
443, 30, 90, 0.3, 0.4, 0.7, 0.9159167038972763, 31.10540509223938
444, 30, 90, 0.3, 0.4, 0.8, 0.8930777588827735, 31.223312854766846
445, 30, 90, 0.3, 0.4, 0.9, 0.8955827459063248, 31.16328716278076
446, 30, 90, 0.3, 0.5, 0.5, 0.9351290987083929, 31.151732921600342
447, 30, 90, 0.3, 0.5, 0.6, 0.929310923920573, 31.174782037734985
448, 30, 90, 0.3, 0.5, 0.7, 0.9303832123957902, 31.163224935531616
449, 30, 90, 0.3, 0.5, 0.8, 0.9042430844637764, 31.18985414505005
450, 30, 90, 0.3, 0.5, 0.9, 0.9085578553139454, 31.21158003807068
451, 30, 90, 0.4, 0.1, 0.5, 0.8963037758046679, 31.152223825454712
452, 30, 90, 0.4, 0.1, 0.6, 0.8886855036433055, 31.08123278617859
453, 30, 90, 0.4, 0.1, 0.7, 0.8836370899985944, 31.18780207633972
454, 30, 90, 0.4, 0.1, 0.8, 0.8710894546397452, 31.186967134475708
455, 30, 90, 0.4, 0.1, 0.9, 0.8706775297402859, 31.068798065185547
456, 30, 90, 0.4, 0.2, 0.5, 0.9010803089180544, 31.115751028060913
457, 30, 90, 0.4, 0.2, 0.6, 0.8949169427061867, 30.804152011871338
458, 30, 90, 0.4, 0.2, 0.7, 0.8925245919170555, 31.173367023468018
459, 30, 90, 0.4, 0.2, 0.8, 0.877117284163234, 31.08010983467102
460, 30, 90, 0.4, 0.2, 0.9, 0.8792774444528973, 31.14212989807129
461, 30, 90, 0.4, 0.3, 0.5, 0.9087017064972833, 31.16330099105835
462, 30, 90, 0.4, 0.3, 0.6, 0.9040165571257671, 31.20058298110962
463, 30, 90, 0.4, 0.3, 0.7, 0.9038649010870755, 31.164106845855713
464, 30, 90, 0.4, 0.3, 0.8, 0.8854316056641877, 30.93430519104004
465, 30, 90, 0.4, 0.3, 0.9, 0.8890605084096348, 31.16185712814331
466, 30, 90, 0.4, 0.4, 0.5, 0.918711343667642, 31.176685094833374
467, 30, 90, 0.4, 0.4, 0.6, 0.9148406149388508, 31.18813681602478
468, 30, 90, 0.4, 0.4, 0.7, 0.9170593777767277, 30.868687868118286
469, 30, 90, 0.4, 0.4, 0.8, 0.8948576588098369, 31.043081998825073
470, 30, 90, 0.4, 0.4, 0.9, 0.8993970312305893, 31.114044904708862
471, 30, 90, 0.4, 0.5, 0.5, 0.9355072085055385, 31.16584300994873
472, 30, 90, 0.4, 0.5, 0.6, 0.9296478380872079, 31.089473962783813
473, 30, 90, 0.4, 0.5, 0.7, 0.9311812488505102, 31.151600122451782
474, 30, 90, 0.4, 0.5, 0.8, 0.9055118152907181, 31.21280002593994
475, 30, 90, 0.4, 0.5, 0.9, 0.9115950277551699, 31.15331721305847
476, 30, 90, 0.5, 0.1, 0.5, 0.8977787616815761, 31.174365043640137
477, 30, 90, 0.5, 0.1, 0.6, 0.8902361653829215, 31.184417963027954
478, 30, 90, 0.5, 0.1, 0.7, 0.8862599334314147, 31.155097007751465
479, 30, 90, 0.5, 0.1, 0.8, 0.8750140326149031, 31.12962007522583
480, 30, 90, 0.5, 0.1, 0.9, 0.8780658916148971, 31.154290914535522
481, 30, 90, 0.5, 0.2, 0.5, 0.9025437604869886, 31.114931106567383
482, 30, 90, 0.5, 0.2, 0.6, 0.8964496956183179, 31.100355863571167
483, 30, 90, 0.5, 0.2, 0.7, 0.8948201486352839, 31.045262098312378
484, 30, 90, 0.5, 0.2, 0.8, 0.880441176447658, 31.113703966140747
485, 30, 90, 0.5, 0.2, 0.9, 0.8849262234018801, 31.164318084716797
486, 30, 90, 0.5, 0.3, 0.5, 0.909784876592169, 31.084784984588623
487, 30, 90, 0.5, 0.3, 0.6, 0.9050114915806204, 31.162006855010986
488, 30, 90, 0.5, 0.3, 0.7, 0.9054630333215085, 31.126907110214233
489, 30, 90, 0.5, 0.3, 0.8, 0.8879291724649545, 31.150322914123535
490, 30, 90, 0.5, 0.3, 0.9, 0.8940368977681352, 31.213890075683594
491, 30, 90, 0.5, 0.4, 0.5, 0.9191517195776554, 31.104816913604736
492, 30, 90, 0.5, 0.4, 0.6, 0.915469581996401, 31.105327129364014
493, 30, 90, 0.5, 0.4, 0.7, 0.91820205165618, 31.09005093574524
494, 30, 90, 0.5, 0.4, 0.8, 0.8966375587368998, 31.188024044036865
495, 30, 90, 0.5, 0.4, 0.9, 0.9039414783342526, 31.112451791763306
496, 30, 90, 0.5, 0.5, 0.5, 0.9358853183026852, 31.187495946884155
497, 30, 90, 0.5, 0.5, 0.6, 0.9299847522538423, 31.171427965164185
498, 30, 90, 0.5, 0.5, 0.7, 0.9320165492528398, 31.13497495651245
499, 30, 90, 0.5, 0.5, 0.8, 0.9068495079010449, 31.09109115600586
500, 30, 90, 0.5, 0.5, 0.9, 0.9148030738922359, 31.16740393638611
501, 30, 100, 0.2, 0.1, 0.5, 0.8942577575652062, 31.235692024230957
502, 30, 100, 0.2, 0.1, 0.6, 0.8869630861496707, 31.222203969955444
503, 30, 100, 0.2, 0.1, 0.7, 0.8809303603939337, 31.237394094467163
504, 30, 100, 0.2, 0.1, 0.8, 0.8673783069536667, 31.128607988357544
505, 30, 100, 0.2, 0.1, 0.9, 0.8621316843991188, 31.210514068603516
506, 30, 100, 0.2, 0.2, 0.5, 0.8990040087067676, 31.16358518600464
507, 30, 100, 0.2, 0.2, 0.6, 0.8937336642304252, 31.21234107017517
508, 30, 100, 0.2, 0.2, 0.7, 0.8906642429194382, 31.175173044204712
509, 30, 100, 0.2, 0.2, 0.8, 0.8739170566601595, 31.176963090896606
510, 30, 100, 0.2, 0.2, 0.9, 0.8714348833163439, 31.163884162902832
511, 30, 100, 0.2, 0.3, 0.5, 0.9070869118921656, 31.24998903274536
512, 30, 100, 0.2, 0.3, 0.6, 0.9034518950513845, 31.2315731048584
513, 30, 100, 0.2, 0.3, 0.7, 0.9030121698487469, 31.028237104415894
514, 30, 100, 0.2, 0.3, 0.8, 0.8824000898684696, 30.985485076904297
515, 30, 100, 0.2, 0.3, 0.9, 0.8823303739015375, 30.952629804611206
516, 30, 100, 0.2, 0.4, 0.5, 0.9213437823860668, 31.259785890579224
517, 30, 100, 0.2, 0.4, 0.6, 0.9145131915084768, 31.20105814933777
518, 30, 100, 0.2, 0.4, 0.7, 0.9166855084840213, 31.17286705970764
519, 30, 100, 0.2, 0.4, 0.8, 0.8922497143023281, 31.118970155715942
520, 30, 100, 0.2, 0.4, 0.9, 0.8945960187498376, 31.15052604675293
521, 30, 100, 0.2, 0.5, 0.5, 0.9388291483453097, 31.15112280845642
522, 30, 100, 0.2, 0.5, 0.6, 0.9322789586108602, 31.01345682144165
523, 30, 100, 0.2, 0.5, 0.7, 0.9312491572374146, 30.806639909744263
524, 30, 100, 0.2, 0.5, 0.8, 0.9035726611869981, 31.1506769657135
525, 30, 100, 0.2, 0.5, 0.9, 0.908532377348176, 31.193897008895874
526, 30, 100, 0.3, 0.1, 0.5, 0.8955714286938957, 31.18743109703064
527, 30, 100, 0.3, 0.1, 0.6, 0.8883162608648287, 31.117992162704468
528, 30, 100, 0.3, 0.1, 0.7, 0.8827993099809269, 31.127753973007202
529, 30, 100, 0.3, 0.1, 0.8, 0.8697058992168444, 31.165098190307617
530, 30, 100, 0.3, 0.1, 0.9, 0.8673407477635907, 31.20982003211975
531, 30, 100, 0.3, 0.2, 0.5, 0.8999870035759956, 31.14562702178955
532, 30, 100, 0.3, 0.2, 0.6, 0.8945770343252797, 31.04935097694397
533, 30, 100, 0.3, 0.2, 0.7, 0.8921367546730004, 31.114840030670166
534, 30, 100, 0.3, 0.2, 0.8, 0.8758723496685479, 31.14418911933899
535, 30, 100, 0.3, 0.2, 0.9, 0.8762028209141317, 31.030030012130737
536, 30, 100, 0.3, 0.3, 0.5, 0.9077064007617631, 31.151617765426636
537, 30, 100, 0.3, 0.3, 0.6, 0.9039989702275585, 31.092244863510132
538, 30, 100, 0.3, 0.3, 0.7, 0.9041251796276013, 31.10933017730713
539, 30, 100, 0.3, 0.3, 0.8, 0.8840651571419486, 31.134670972824097
540, 30, 100, 0.3, 0.3, 0.9, 0.8867902051836328, 31.128674030303955
541, 30, 100, 0.3, 0.4, 0.5, 0.9216416814871919, 31.01978898048401
542, 30, 100, 0.3, 0.4, 0.6, 0.9147848504663181, 31.17591094970703
543, 30, 100, 0.3, 0.4, 0.7, 0.9174262185548213, 31.090902090072632
544, 30, 100, 0.3, 0.4, 0.8, 0.8937794110762096, 31.116464853286743
545, 30, 100, 0.3, 0.4, 0.9, 0.8979123692095605, 31.071460008621216
546, 30, 100, 0.3, 0.5, 0.5, 0.9390708014600642, 31.111598014831543
547, 30, 100, 0.3, 0.5, 0.6, 0.9324538387660977, 31.08616304397583
548, 30, 100, 0.3, 0.5, 0.7, 0.9318935013427738, 31.098900079727173
549, 30, 100, 0.3, 0.5, 0.8, 0.9046334950036717, 31.093451976776123
550, 30, 100, 0.3, 0.5, 0.9, 0.9111957527142337, 31.078221082687378
551, 30, 100, 0.4, 0.1, 0.5, 0.8968876977971557, 31.116502046585083
552, 30, 100, 0.4, 0.1, 0.6, 0.8896694355799877, 31.067394018173218
553, 30, 100, 0.4, 0.1, 0.7, 0.8850595510968282, 31.17628002166748
554, 30, 100, 0.4, 0.1, 0.8, 0.8725628037907334, 31.093267917633057
555, 30, 100, 0.4, 0.1, 0.9, 0.8729909807739447, 31.03311800956726
556, 30, 100, 0.4, 0.2, 0.5, 0.901139790039397, 31.016263008117676
557, 30, 100, 0.4, 0.2, 0.6, 0.8957314681821665, 31.043872117996216
558, 30, 100, 0.4, 0.2, 0.7, 0.8940614222799798, 31.104007959365845
559, 30, 100, 0.4, 0.2, 0.8, 0.8783956693577796, 30.960499048233032
560, 30, 100, 0.4, 0.2, 0.9, 0.8813115660521714, 31.093834161758423
561, 30, 100, 0.4, 0.3, 0.5, 0.9083258896313616, 31.13133692741394
562, 30, 100, 0.4, 0.3, 0.6, 0.9045460454037328, 31.04058599472046
563, 30, 100, 0.4, 0.3, 0.7, 0.905238189406455, 31.034921884536743
564, 30, 100, 0.4, 0.3, 0.8, 0.886286708230237, 31.004176139831543
565, 30, 100, 0.4, 0.3, 0.9, 0.8913451463116341, 30.997491121292114
566, 30, 100, 0.4, 0.4, 0.5, 0.9219395805883178, 30.947574138641357
567, 30, 100, 0.4, 0.4, 0.6, 0.9150565094241595, 31.068011045455933
568, 30, 100, 0.4, 0.4, 0.7, 0.9183385633079001, 31.00853204727173
569, 30, 100, 0.4, 0.4, 0.8, 0.8953358976600059, 31.011298179626465
570, 30, 100, 0.4, 0.4, 0.9, 0.9017088084978129, 31.074408054351807
571, 30, 100, 0.4, 0.5, 0.5, 0.9393124545748182, 30.853354930877686
572, 30, 100, 0.4, 0.5, 0.6, 0.932628718921335, 30.853673934936523
573, 30, 100, 0.4, 0.5, 0.7, 0.9325378454481323, 30.917266130447388
574, 30, 100, 0.4, 0.5, 0.8, 0.9057735895680451, 30.97883892059326
575, 30, 100, 0.4, 0.5, 0.9, 0.9139259813298343, 30.97022008895874
576, 30, 100, 0.5, 0.1, 0.5, 0.8982039669004163, 30.991255044937134
577, 30, 100, 0.5, 0.1, 0.6, 0.8910226102951454, 30.987327098846436
578, 30, 100, 0.5, 0.1, 0.7, 0.8874776404811965, 31.05489706993103
579, 30, 100, 0.5, 0.1, 0.8, 0.8762508071013704, 30.973194122314453
580, 30, 100, 0.5, 0.1, 0.9, 0.8799320159906638, 30.8160400390625
581, 30, 100, 0.5, 0.2, 0.5, 0.9024368095277764, 31.0122709274292
582, 30, 100, 0.5, 0.2, 0.6, 0.8970514036863969, 30.674381971359253
583, 30, 100, 0.5, 0.2, 0.7, 0.8961169826891531, 31.02388882637024
584, 30, 100, 0.5, 0.2, 0.8, 0.8814409467391671, 31.0553081035614
585, 30, 100, 0.5, 0.2, 0.9, 0.8868145217345127, 30.972012996673584
586, 30, 100, 0.5, 0.3, 0.5, 0.9092345236752836, 31.058544158935547
587, 30, 100, 0.5, 0.3, 0.6, 0.9053430972004667, 30.920801162719727
588, 30, 100, 0.5, 0.3, 0.7, 0.906648819714458, 31.088847160339355
589, 30, 100, 0.5, 0.3, 0.8, 0.8885437952508012, 30.986397981643677
590, 30, 100, 0.5, 0.3, 0.9, 0.8961025120971917, 30.918955087661743
591, 30, 100, 0.5, 0.4, 0.5, 0.9222374796894448, 30.9795560836792
592, 30, 100, 0.5, 0.4, 0.6, 0.9154820359624726, 30.99978995323181
593, 30, 100, 0.5, 0.4, 0.7, 0.9192925716897746, 30.970545053482056
594, 30, 100, 0.5, 0.4, 0.8, 0.8968923842438017, 30.95195984840393
595, 30, 100, 0.5, 0.4, 0.9, 0.9060044195674973, 30.98907995223999
596, 30, 100, 0.5, 0.5, 0.5, 0.9395541076895726, 30.897066116333008
597, 30, 100, 0.5, 0.5, 0.6, 0.9328035990765725, 30.948293924331665
598, 30, 100, 0.5, 0.5, 0.7, 0.9331821895534911, 30.998862981796265
599, 30, 100, 0.5, 0.5, 0.8, 0.9069318074266755, 30.99659299850464
600, 30, 100, 0.5, 0.5, 0.9, 0.9169632473426883, 30.95105004310608
